
1
2023-05-30 3:15:13
Austin
Sungbin
asdw
1
18
4, 1
4, 3
3, 6
3, 4
4, 3
3, 4
6, 7
5, 5
1, 0
2, 2
4, 7
3, 6
5, 0
2, 3
3, 1
6, 3
2, 3
4, 1
6, 3
6, 1
4, 1
5, 2
2, 0
6, 3
4, 0
4, 1
6, 3
5, 2
4, 1
5, 2
6, 1
5, 0
3, 0
4, 1
5, 0
4, 1

1
2023-05-30 3:15:13
A
S
asdw
1
18
4, 1
4, 3
3, 6
3, 4
4, 3
3, 4
6, 7
5, 5
1, 0
2, 2
4, 7
3, 6
5, 0
2, 3
3, 1
6, 3
2, 3
4, 1
6, 3
6, 1
4, 1
5, 2
2, 0
6, 3
4, 0
4, 1
6, 3
5, 2
4, 1
5, 2
6, 1
5, 0
3, 0
4, 1
5, 0
4, 1

0
2023-06-19 10:29:53
1
2
aqfl
1
0

0
2023-06-19 14:36:58
12X3
121212
vuee
-1
1
1, 6
1, 4

0
2023-06-19 14:36:58
12X3
121212
vuee
1
2
1, 6
1, 4
2, 1
2, 3